Special IP Addresses
====================

  +---------------------------------------------------------------+
  |0|0|0|0|0|0|0|0|0|0|0|0|0|0|0|0|0|0|0|0|0|0|0|0|0|0|0|0|0|0|0|0|  This host
  +---------------------------------------------------------------+

  +---------------------------------------------------------------+
  |0|0|       ...       |0|0|                 Host                |  A host on this network
  +---------------------------------------------------------------+

  +---------------------------------------------------------------+
  |1|1|1|1|1|1|1|1|1|1|1|1|1|1|1|1|1|1|1|1|1|1|1|1|1|1|1|1|1|1|1|1|  Broadcast on the
  +---------------------------------------------------------------+  local network

  +---------------------------------------------------------------+
  |        Network      |1|1|1|1|1|1|1|1|1|1|1|1|1|1|1|1|1|1|1|1|1|  Broadcast on a
  +---------------------------------------------------------------+  distant network

  +---------------------------------------------------------------+
  |0|1|1|1|1|1|1|1|                    (Anything)                 |  Loopback
  +---------------------------------------------------------------+
